3 0.265275 0.16543703703703705 0.13055833333333333 0.2469185185185185
3 0.34652499999999997 0.2469185185185185 0.13194166666666668 0.3753037037037037
3 0.37916666666666665 0.5518518518518518 0.17777500000000002 0.25925925925925924
3 0.303475 0.7333333333333333 0.184725 0.23210370370370367
3 0.05764166666666667 0.7802518518518518 0.11527500000000002 0.35555555555555557
3 0.18125 0.837037037037037 0.19305833333333333 0.31604444444444446
3 0.61875 0.6148148148148148 0.24860833333333332 0.46419259259259255
3 0.7298583333333334 0.4284 0.334725 0.3135851851851852
3 0.6986083333333334 0.5703703703703704 0.277775 0.3358074074074074
3 0.8166666666666667 0.3148148148148148 0.327775 0.28888888888888886
3 0.8833333333333333 0.2111111111111111 0.23333333333333334 0.32839999999999997