3 0.27121 0.380865 0.14589333333333335 0.17254499999999998
3 0.27588666666666667 0.476255 0.10287333333333333 0.17815999999999999
3 0.27869333333333335 0.629865 0.14028333333333334 0.21323
3 0.40728333333333333 0.36894 0.11316000000000001 0.16553
3 0.39325666666666664 0.525355 0.12064333333333334 0.13888
3 0.40541333333333335 0.68177 0.12064333333333334 0.157115
3 0.49426 0.340885 0.10193666666666666 0.16553
3 0.49566333333333334 0.466435 0.08417 0.18377000000000002
3 0.5050133333333333 0.63828 0.09539 0.210425
3 0.7135666666666666 0.38227 0.17769000000000001 0.17254499999999998
3 0.7177733333333334 0.5008050000000001 0.17862666666666666 0.16272499999999998
3 0.71263 0.643895 0.1496333333333333 0.17395
3 0.6139666666666667 0.6361749999999999 0.07762333333333334 0.22024000000000002
3 0.60555 0.35140499999999997 0.12064333333333334 0.18096500000000001
3 0.5961966666666666 0.49239 0.08136333333333333 0.17956