3 0.45556 0.7885906040268457 0.11556 0.22594630872483223
3 0.29333333333333333 0.712523489932886 0.12444 0.2080536912751678
3 0.25666666666666665 0.5223758389261746 0.19333333333333333 0.15883221476510068
3 0.28889333333333334 0.3366845637583893 0.15556 0.21700671140939595
3 0.44556 0.24272483221476512 0.17556 0.172255033557047
3 0.39443999999999996 0.4384832214765101 0.14 0.20581208053691277
3 0.43333333333333335 0.6040268456375839 0.24 0.1342281879194631
3 0.5833333333333334 0.7583892617449665 0.15777333333333332 0.18791946308724833
3 0.73 0.6666711409395973 0.15333333333333332 0.2192348993288591
3 0.75444 0.4921744966442953 0.22 0.16554362416107382
3 0.5933333333333334 0.5749395973154362 0.16 0.18344966442953017
3 0.5444399999999999 0.44071140939597314 0.18666666666666668 0.12975838926174496
3 0.72 0.3366845637583893 0.18666666666666668 0.20358389261744964
3 0.5933333333333334 0.28634899328859065 0.17777333333333334 0.1968724832214765