3 0.6057130657557642 0.6857975460122699 0.14517506404782238 0.26292944785276073
3 0.16530315969257045 0.7602914110429447 0.16225448334756618 0.2147239263803681
3 0.15859094790777115 0.4130214723926381 0.12199829205807004 0.23006134969325154
3 0.2147139197267293 0.5861042944785276 0.1512724167378309 0.19938650306748465
3 0.40441502988898376 0.5674846625766872 0.2134927412467976 0.2278680981595092
3 0.3598889837745517 0.6967638036809817 0.15615713065755765 0.1884355828220859
3 0.20800170794192996 0.2749846625766871 0.11345858240819813 0.14242331288343557
3 0.4147822374039282 0.2267791411042945 0.1146797608881298 0.195
3 0.3635439795046968 0.11941717791411043 0.10247651579846286 0.1555674846625767
3 0.29095644748078564 0.21253067484662574 0.07929974380871051 0.14023006134969326
3 0.35195559350982064 0.2815490797546012 0.09393680614859094 0.14242331288343557
3 0.655730145175064 0.12708588957055214 0.11345858240819813 0.17090490797546012
3 0.5599573014517507 0.9086349693251533 0.1317591801878736 0.18273006134969325
3 0.4214944491887276 0.8829907975460123 0.18177625960717336 0.201579754601227
3 0.29644748078565325 0.9568404907975461 0.13663535439795046 0.08633435582822085
3 0.709402220324509 0.903159509202454 0.1598121263877028 0.19369631901840492
3 0.8698292058070026 0.8932975460122698 0.1146797608881298 0.2134049079754601
3 0.9471135781383433 0.8271319018404908 0.1057728437233134 0.26949386503067485
3 0.944064901793339 0.6003527607361964 0.11187019641332195 0.16651840490797545
3 0.8301793339026473 0.6573159509202454 0.1256532877882152 0.16651840490797545
3 0.7594278394534586 0.7800153374233129 0.10369769427839454 0.20596625766871166
3 0.7112382578992315 0.6288343558282209 0.1146797608881298 0.16213190184049078
3 0.7734500426985483 0.5159969325153374 0.12443210930828352 0.17309815950920246
3 0.8222544833475662 0.3987730061349693 0.10491887275832622 0.15776073619631903
3 0.7203842869342443 0.40205521472392636 0.09393680614859094 0.11174846625766871
3 0.6612211784799317 0.4831288343558282 0.08539709649871904 0.12927914110429448
3 0.5788727583262169 0.44587423312883434 0.09393680614859094 0.195
3 0.4928608027327071 0.3954907975460123 0.09271562766865926 0.10736196319018405
3 0.37635354397950466 0.40535276073619636 0.1061400512382579 0.10955521472392639
3 0.2799829205807003 0.3954907975460123 0.0988129803586678 0.15995398773006136
3 0.570333048676345 0.25415644171779145 0.07685738684884715 0.13584355828220857
3 0.7472245943637916 0.17199386503067485 0.08417591801878735 0.12050613496932515
3 0.8246883005977798 0.23664110429447852 0.08539709649871904 0.16213190184049078
3 0.7478309137489325 0.2859355828220859 0.08295473953885568 0.13803680981595093
3 0.6545089666951324 0.29688650306748465 0.0890606319385141 0.12050613496932515