3 0.607452876984127 0.8297189153439154 0.11584573412698412 0.34056547619047617
3 0.4901215277777778 0.8247916666666667 0.11881696428571428 0.3307076719576719
3 0.3787301587301587 0.8158796296296296 0.21684275793650792 0.3089252645502646
3 0.2086731150793651 0.6237896825396825 0.2510019841269841 0.2138723544973545
3 0.6973090277777778 0.7138955026455027 0.1886235119047619 0.25941798941798944
3 0.36313492063492064 0.10990740740740741 0.1500074404761905 0.1485218253968254
3 0.45447668650793654 0.07723214285714286 0.1633730158730159 0.15446097883597884
3 0.574779265873016 0.0871329365079365 0.10099454365079365 0.15446097883597884
3 0.6921106150793651 0.1633730158730159 0.19307787698412698 0.17624669312169314
3 0.770828373015873 0.2792195767195767 0.1811954365079365 0.14654100529100528
3 0.7908779761904763 0.450515873015873 0.1826810515873016 0.19604828042328043
3 0.7685987103174603 0.5713128306878307 0.17080109126984125 0.1920866402116402
3 0.17005704365079363 0.4089285714285714 0.2361483134920635 0.15248346560846562
3 0.19307787698412698 0.2960515873015873 0.21090029761904763 0.1485218253968254
3 0.29035962301587304 0.17525462962962965 0.13515376984126987 0.14456018518518518