3 0.5924293286219081 0.43818840579710144 0.12919611307420495 0.3645833333333333
3 0.178886925795053 0.4608333333333333 0.1435512367491166 0.12454710144927536
3 0.04527385159010601 0.8442028985507246 0.09054770318021202 0.3115942028985507
3 0.1706095406360424 0.7778623188405797 0.13582155477031801 0.2558876811594203
3 0.25232332155477033 0.8639130434782608 0.1159452296819788 0.2513586956521739
3 0.37212897526501765 0.829945652173913 0.12367491166077739 0.2513586956521739
3 0.37323321554770317 0.4121376811594203 0.13471731448763252 0.1585144927536232
3 0.24348939929328622 0.3374094202898551 0.11373674911660778 0.13134057971014493
3 0.8425353356890459 0.8571195652173913 0.1501766784452297 0.2740036231884058
3 0.9032685512367491 0.4608333333333333 0.07287985865724382 0.21965579710144928
3 0.7691077738515901 0.4110144927536232 0.06956713780918727 0.2604166666666667
3 0.400291519434629 0.2151268115942029 0.05631625441696113 0.18115942028985507
3 0.33514134275618374 0.18003623188405796 0.0717756183745583 0.13360507246376813
3 0.225821554770318 0.23550724637681159 0.049690812720848056 0.1585144927536232
3 0.09772968197879858 0.5865036231884058 0.09606890459363958 0.20380434782608695
3 0.5162367491166078 0.11775362318840579 0.10931978798586572 0.13134057971014493
3 0.9599204946996467 0.23550724637681159 0.0801678445229682 0.24456521739130435
3 0.8497173144876325 0.6193478260869565 0.11373674911660778 0.14266304347826086
3 0.7376325088339223 0.09057971014492754 0.10379858657243816 0.1403985507246377
3 0.624452296819788 0.09510869565217392 0.11373674911660778 0.14945652173913043
3 0.46102473498233215 0.14380434782608695 0.07840106007067138 0.19701086956521738
3 0.4648851590106007 0.28646739130434784 0.09717314487632508 0.192481884057971
3 0.2633657243816254 0.5185688405797102 0.09165194346289753 0.23097826086956522
3 0.3042226148409894 0.7110507246376812 0.09386042402826855 0.19021739130434784
3 0.08502650176678445 0.16077898550724637 0.12809187279151943 0.11322463768115942
3 0.14796819787985865 0.09963768115942029 0.00441696113074205 0.01358695652173913