3 0.5075000000000001 0.820359375 0.13455078125 0.188109375
3 0.32592578125 0.6853750000000001 0.1502265625 0.1968177083333333
3 0.2815078125 0.4807239583333333 0.145 0.19855729166666666
3 0.43042968750000005 0.43282291666666667 0.13455078125 0.17591666666666667
3 0.38340234375 0.2508125 0.15283984374999998 0.184625
3 0.5290546875000001 0.22642708333333333 0.1332421875 0.19159375
3 0.67013671875 0.30393229166666663 0.1332421875 0.20378645833333334
3 0.71912109375 0.5251354166666666 0.13455078125 0.16894791666666667
3 0.63878515625 0.7045364583333333 0.1436953125 0.17243229166666665
3 0.49835546875 0.6235468750000001 0.13455078125 0.19159375
3 0.57346875 0.46765625 0.11756640625 0.16894791666666667