3 0.24088541666666666 0.361328125 0.16927083333333334 0.12109375
3 0.4109947916666667 0.3964140625 0.15076041666666665 0.10903125
3 0.21178125 0.50476953125 0.17588541666666666 0.12383593749999999
3 0.4576614583333333 0.25575000000000003 0.18665104166666666 0.13191406249999998
3 0.6272604166666667 0.3143046875 0.1705 0.12249218749999999
3 0.742125 0.41391406249999996 0.17767708333333332 0.12518359375000002
3 0.708921875 0.5613046875000001 0.17588541666666666 0.11307031249999999
3 0.5357291666666666 0.6427421875 0.159734375 0.09826171875
3 0.34548958333333335 0.6622617187500001 0.159734375 0.11307031249999999
3 0.421765625 0.53505859375 0.16152604166666668 0.12787500000000002
3 0.57790625 0.47987109375000003 0.15076041666666665 0.11172265625