3 0.22430769230769232 0.8654754601226994 0.35810859728506783 0.1884355828220859
3 0.7569502262443438 0.819463190184049 0.40982805429864255 0.19280674846625767
3 0.7084705882352942 0.6430828220858896 0.3464796380090498 0.19062883435582823
3 0.6658009049773757 0.48970858895705527 0.3206244343891403 0.16432515337423312
3 0.22042533936651584 0.7197699386503068 0.36328506787330317 0.20377300613496935
3 0.22301357466063348 0.5444785276073619 0.31933031674208145 0.19062883435582823
3 0.2301266968325792 0.399861963190184 0.3335475113122172 0.1555674846625767
3 0.6121538461538462 0.39438650306748463 0.28313122171945704 0.15337423312883436
3 0.21331221719457014 0.27935582822085886 0.27149321266968324 0.10736196319018405
3 0.6018099547511312 0.255260736196319 0.2676108597285068 0.10736196319018405
3 0.20168325791855204 0.08326687116564417 0.26632579185520366 0.14461656441717793
3 0.5067873303167421 0.05696319018404908 0.21460633484162894 0.09202453987730061
3 0.5649683257918552 0.12927914110429448 0.2171945701357466 0.14023006134969326
3 0.2062081447963801 0.22019938650306747 0.26244343891402716 0.13803680981595093