3 0.216796875 0.5080972222222222 0.17317968749999998 0.25231944444444443
3 0.3157578125 0.5879583333333334 0.12109375 0.31018055555555557
3 0.40299218750000004 0.5416666666666666 0.13932031250000002 0.27315277777777774
3 0.43294531249999996 0.2314861111111111 0.12890625 0.3472222222222222
3 0.3372421875 0.09954166666666667 0.109375 0.18981944444444443
3 0.2845078125 0.28125 0.13932031250000002 0.1875
3 0.53515625 0.4166666666666667 0.10677343749999998 0.2962916666666667
3 0.5546875 0.1469861111111111 0.11197656250000002 0.2800972222222222
3 0.67578125 0.21065277777777777 0.14322656250000002 0.25
3 0.7102890625 0.03356944444444444 0.12630468749999998 0.067125
3 0.8313828125 0.7696805555555555 0.13932031250000002 0.27545833333333336
3 0.9524765625 0.7106527777777778 0.0950546875 0.25
3 0.5520859375 0.9085694444444444 0.15364843749999998 0.18287499999999998