3 0.5869565217391305 0.7197916666666667 0.289002557544757 0.3020833333333333
3 0.2442455242966752 0.6739583333333333 0.40153452685422 0.28958333333333336
3 0.8145780051150895 0.6541666666666667 0.37084398976982097 0.25833333333333336
3 0.8286445012787724 0.50625 0.34271099744245526 0.20833333333333334
3 0.8657289002557544 0.34479166666666666 0.26854219948849106 0.14791666666666667
3 0.7544757033248082 0.2552083333333333 0.33248081841432225 0.20208333333333334
3 0.4859335038363171 0.21354166666666666 0.2506393861892583 0.21041666666666667
3 0.27877237851662406 0.25625 0.2506393861892583 0.2
3 0.1547314578005115 0.3875 0.30434782608695654 0.19583333333333333
3 0.1649616368286445 0.553125 0.329923273657289 0.22291666666666668
3 0.4936061381074169 0.4083333333333333 0.27621483375959077 0.22083333333333333