3 0.03985 0.35530956848030015 0.0796875 0.21810506566604126
3 0.078125 0.4948405253283302 0.15625 0.23921200750469043
3 0.375 0.17589118198874296 0.128125 0.20168855534709193
3 0.9297875000000001 0.5634333958724203 0.137225 0.16572232645403376
3 0.6975374999999999 0.4373733583489681 0.11435000000000001 0.21187617260787994
3 0.6908375 0.1302063789868668 0.10095000000000001 0.15151969981238275
3 0.6916249999999999 0.295328330206379 0.160875 0.14322701688555348
3 0.8063750000000001 0.23318949343339587 0.1774375 0.1349343339587242
3 0.7602375000000001 0.06806754221388368 0.0788625 0.13611632270168855
3 0.840275 0.08202626641651031 0.1033125 0.15861163227016886
3 0.9301875 0.05362101313320825 0.112775 0.10652908067542215
3 0.9641124999999999 0.18086303939962478 0.0717875 0.12902439024390244
3 0.94675 0.2781613508442777 0.09385 0.1349343339587242
3 0.8256874999999999 0.38943714821763603 0.14195 0.15624765478424016
3 0.9282125000000001 0.4148780487804878 0.10252499999999999 0.13375234521575985
3 0.8134625 0.5385741088180113 0.12223750000000001 0.15151969981238275
3 0.32189999999999996 0.620844277673546 0.15428750000000002 0.1669043151969981
3 0.2960125 0.7995684803001877 0.137225 0.18347091932457787
3 0.372125 0.6770731707317074 0.09699999999999999 0.1728142589118199
3 0.4714875 0.6332645403377111 0.12381249999999999 0.17045028142589116
3 0.572825 0.7445403377110694 0.1135625 0.13729831144465293
3 0.45649999999999996 0.7859662288930582 0.1190875 0.22489681050656662
3 0.3433375 0.8735459662288931 0.108825 0.16333958724202627
3 0.4162875 0.937954971857411 0.109625 0.12407129455909943
3 0.514075 0.8990056285178236 0.092275 0.19058161350844277