4 0.3352 0.8024471635150167 0.14574166666666666 0.17646829810901002
4 0.15614999999999998 0.6850333704115684 0.29564166666666664 0.11671857619577308
4 0.14053333333333332 0.507174638487208 0.19778333333333334 0.18619577308120133
4 0.26128333333333337 0.4085205784204672 0.193625 0.2028698553948832
4 0.4403333333333333 0.46827030033370415 0.26440833333333336 0.13061735261401558
4 0.47260833333333335 0.38211902113459395 0.25816666666666666 0.11949944382647387
4 0.718275 0.4390878754171302 0.18321666666666667 0.16118464961067852
4 0.7505499999999999 0.613476084538376 0.26025000000000004 0.17091212458286986
4 0.5819083333333332 0.7454783092324805 0.22276666666666667 0.13478309232480534
4 0.40181666666666666 0.703793103448276 0.27065833333333333 0.1903670745272525
4 0.320625 0.5745661846496106 0.22901666666666667 0.13200222469410455