4 0.8730156250000001 0.8610668229777256 0.22740624999999998 0.09398593200468934
4 0.824828125 0.7453927315357562 0.21198437499999997 0.09688159437280187
4 0.6205468749999999 0.7743024618991794 0.21198437499999997 0.13447831184056272
4 0.667765625 0.931031652989449 0.21392187499999998 0.1355920281359906
4 0.36520312499999996 0.7287573270808909 0.267875 0.12434935521688159
4 0.717875 0.45620164126611956 0.29871875000000003 0.1431535756154748
4 0.5540625 0.5812661195779601 0.14453125 0.17640093786635405
4 0.558875 0.6810433763188745 0.119484375 0.1590504103165299
4 0.41531250000000003 0.9384173505275498 0.29485937500000003 0.1214654161781946
4 0.5685156250000001 0.29930832356389214 0.265953125 0.13302461899179366
4 0.796890625 0.11856975381008207 0.171515625 0.13014067995310669
4 0.5955 0.0773622508792497 0.21198437499999997 0.06796014067995311
4 0.295828125 0.08458382180539274 0.267875 0.15182883939038685
4 0.330515625 0.3014771395076202 0.206203125 0.14893317702227432
4 0.42109375 0.4366822977725674 0.24474999999999997 0.1214654161781946
4 0.60225 0.40052754982415 0.11756249999999999 0.09832356389214537
4 0.23318750000000002 0.631875732708089 0.20814062500000002 0.11856975381008207
4 0.19368749999999998 0.1923094958968347 0.125265625 0.08386869871043377
4 0.587796875 0.15037514654161782 0.14646874999999998 0.12434935521688159
4 0.8373593749999999 0.6130832356389215 0.09828125 0.05494724501758499
4 0.808453125 0.5443962485345838 0.08671875 0.059284876905041035