4 0.4266666666666667 0.3566666666666667 0.23333333333333334 0.2733333333333333
4 0.26666666666666666 0.8388888888888889 0.4266666666666667 0.2288888888888889
4 0.5683333333333334 0.6411111111111111 0.39 0.13555555555555557
4 0.74 0.37444444444444447 0.32 0.1622222222222222
4 0.5833333333333334 0.15 0.35333333333333333 0.18888888888888888
4 0.27666666666666667 0.10222222222222223 0.38666666666666666 0.08
4 0.16 0.27666666666666667 0.32 0.18
4 0.18666666666666668 0.5955555555555555 0.2733333333333333 0.21333333333333335
4 0.5416666666666666 0.9044444444444445 0.38333333333333336 0.16444444444444445
4 0.6466666666666666 0.7366666666666667 0.41333333333333333 0.1711111111111111
4 0.875 0.5377777777777778 0.25 0.14222222222222222