4 0.6420627802690583 0.8202045454545455 0.36548206278026907 0.22194696969696973
4 0.47661434977578476 0.8368939393939394 0.3556053811659193 0.24196969696969695
4 0.40499999999999997 0.6065984848484849 0.3852354260089686 0.2686742424242424
4 0.8926457399103139 0.5698863636363637 0.21469730941704035 0.2720075757575758
4 0.8951233183856503 0.26116666666666666 0.2097645739910314 0.21527272727272728
4 0.680347533632287 0.26616666666666666 0.2345964125560538 0.23863636363636365
4 0.48402466367713004 0.15454545454545454 0.286457399103139 0.2950075757575758
4 0.33090807174887893 0.2736818181818182 0.23213004484304933 0.23362878787878788
4 0.13705156950672645 0.29704545454545456 0.26917040358744393 0.2035909090909091
4 0.18150224215246638 0.22695454545454544 0.20003363228699553 0.13016666666666665
4 0.27411434977578475 0.8485757575757575 0.25188340807174886 0.21861363636363637
4 0.17533632286995515 0.48228030303030306 0.3506726457399103 0.2436439393939394