4 0.20281944444444444 0.12450396825396826 0.22969444444444445 0.1466170634920635
4 0.1311388888888889 0.04712301587301587 0.2525 0.09425595238095238
4 0.3649027777777778 0.3630456349206349 0.26716666666666666 0.12799603174603175
4 0.5155972222222223 0.3333730158730159 0.13847222222222222 0.21526785714285715
4 0.6719861111111111 0.3281349206349206 0.21991666666666668 0.1396329365079365
4 0.6141527777777778 0.4788293650793651 0.27041666666666664 0.21526785714285715
4 0.36083333333333334 0.7150396825396825 0.23620833333333333 0.1733829365079365
4 0.5742361111111111 0.6690773809523809 0.21666666666666667 0.1256746031746032
4 0.5546944444444445 0.7330753968253969 0.2850833333333333 0.109375
4 0.7005 0.6411507936507936 0.2085138888888889 0.116359126984127
4 0.80475 0.5247916666666667 0.19222222222222224 0.1466170634920635
4 0.4903472222222222 0.5253670634920635 0.17594444444444446 0.1175297619047619