4 0.24158570119156736 0.6692071197411004 0.15844179651695695 0.33980582524271846
4 0.3771127406049496 0.7558899676375405 0.2226031164069661 0.22653721682847897
4 0.5846562786434464 0.7373948220064724 0.19771769019248397 0.3883495145631068
4 0.6389917506874427 0.6287540453074434 0.17284142988084325 0.33749190938511325
4 0.5237671860678277 0.4114724919093851 0.12308890925756186 0.3421197411003236
4 0.3790742438130156 0.36292880258899674 0.1008249312557287 0.23577669902912624
4 0.26777268560953255 0.41839805825242715 0.14010999083409717 0.208042071197411
4 0.6776260311640696 0.4114724919093851 0.16367552703941338 0.25427184466019415
4 0.7895783684692942 0.43343042071197413 0.1335563703024748 0.2658414239482201
4 0.4569844179651696 0.07859223300970875 0.11784601283226397 0.15257281553398058
4 0.8242804766269477 0.2588996763754045 0.1296333638863428 0.23116504854368936
4 0.5970944087992667 0.07166666666666667 0.16498625114573787 0.14331715210355986