4 0.032303754266211605 0.7658525345622119 0.06459897610921501 0.4257142857142857
4 0.07618600682593857 0.5683563748079877 0.12067406143344711 0.2589400921658986
4 0.12189419795221844 0.4355913978494624 0.06338737201365188 0.18213517665130569
4 0.31143344709897613 0.8105069124423963 0.2181825938566553 0.3789708141321045
4 0.13469283276450514 0.7768202764976958 0.2181825938566553 0.4257142857142857
4 0.5412030716723549 0.7984485407066052 0.20965017064846417 0.4031182795698925
4 0.7331825938566553 0.8127035330261138 0.1548037542662116 0.37459293394777265
4 0.9174829351535836 0.8170967741935483 0.16504266211604096 0.3658064516129032
4 0.8343515358361775 0.6824731182795699 0.07435153583617747 0.23261136712749617
4 0.7167235494880546 0.6078494623655913 0.046322525597269626 0.15800307219662058
4 0.7807167235494881 0.49923195084485406 0.06703924914675767 0.23480798771121353
4 0.877013651877133 0.5409216589861751 0.07435153583617747 0.16019969278033794
4 0.9428327645051194 0.5321505376344086 0.07191979522184301 0.18213517665130569
4 0.3675 0.5211827956989248 0.09872866894197951 0.19969278033794163
4 0.3150938566552901 0.4586328725038402 0.06703924914675767 0.19310291858678955
4 0.20233788395904437 0.5650691244239632 0.06338737201365188 0.17336405529953916
4 0.435759385665529 0.3346543778801844 0.0865443686006826 0.11192012288786482
4 0.4302815699658703 0.40926267281105994 0.051194539249146756 0.12947772657450077
4 0.4912201365187714 0.4180337941628264 0.04388225255972696 0.1031336405529954
4 0.5497354948805461 0.4125499231950845 0.05850682593856655 0.14044546850998466
4 0.6106740614334472 0.5650691244239632 0.08532423208191127 0.3138095238095238
4 0.4991467576791809 0.6012749615975422 0.11579351535836178 0.1316589861751152
4 0.1712542662116041 0.3730568356374808 0.05241467576791809 0.10972350230414747
4 0.7179436860068259 0.44218125960061444 0.04875426621160409 0.1382488479262673
4 0.6643088737201366 0.40706605222734255 0.04875426621160409 0.1031336405529954