5 0.5309535714285715 0.8155737704918032 0.11428571428571428 0.22131147540983606
5 0.6773821428571429 0.49863114754098364 0.08095357142857143 0.23770491803278687
5 0.5333321428571428 0.29781147540983605 0.090475 0.16393442622950818
5 0.5244035714285714 0.5245901639344263 0.09166785714285715 0.21311475409836064
5 0.2583321428571429 0.4235 0.09285714285714286 0.15300819672131147
5 0.3744035714285714 0.39207377049180325 0.09642857142857143 0.1557377049180328
5 0.43452500000000005 0.819672131147541 0.07142857142857142 0.19672131147540983
5 0.4011892857142857 0.6174836065573771 0.09285714285714286 0.17486065573770493
5 0.35892857142857143 0.7964508196721312 0.08690357142857143 0.23770491803278687
5 0.27261785714285713 0.5887950819672132 0.09285714285714286 0.13934426229508196
5 0.37381071428571433 0.21584426229508197 0.08095357142857143 0.10382786885245902
5 0.6398821428571428 0.2896147540983606 0.075 0.13114754098360656