6 0.1904296875 0.20010248901903366 0.1171875 0.40019033674963395
6 0.388994140625 0.18667642752562225 0.152998046875 0.28550512445095166
6 0.521650390625 0.19765739385065886 0.0927734375 0.3709077598828697
6 0.668134765625 0.21108345534407025 0.118818359375 0.38799414348462663
6 0.80810546875 0.21717423133235728 0.105791015625 0.40508052708638365
6 0.940751953125 0.2562225475841874 0.081376953125 0.3953147877013177
6 0.074052734375 0.4673060029282577 0.0927734375 0.4221522693997071
6 0.2001953125 0.5600292825768668 0.074873046875 0.3782284040995607
6 0.131025390625 0.8443191800878477 0.118818359375 0.2586676427525622
6 0.2685546875 0.8613909224011713 0.126953125 0.26841874084919476
6 0.394697265625 0.873601756954612 0.099287109375 0.22938506588579793
6 0.538740234375 0.8125915080527086 0.123701171875 0.3123426061493412
6 0.694990234375 0.818696925329429 0.143232421875 0.24645680819912155
6 0.91552734375 0.8430893118594437 0.154619140625 0.17325036603221083
6 0.856123046875 0.517320644216691 0.143232421875 0.20497803806734993
6 0.72509765625 0.564904831625183 0.174150390625 0.13421669106881406
6 0.552568359375 0.5771156661786238 0.138349609375 0.22693997071742314
6 0.353193359375 0.5539238653001464 0.09765625 0.27330893118594435