6 0.7185222222222222 0.3842687747035573 0.0963 0.2766798418972332
6 0.5246888888888889 0.6181422924901185 0.16048888888888888 0.17786561264822134
6 0.3259222222222222 0.6389920948616601 0.1358 0.4874901185770751
6 0.33826666666666666 0.3249802371541502 0.09876666666666667 0.2283794466403162
6 0.36357777777777783 0.19543478260869565 0.10987777777777778 0.29424901185770747
6 0.47963333333333336 0.20531620553359684 0.08024444444444444 0.32278656126482214
6 0.5481444444444444 0.1515217391304348 0.05432222222222222 0.2722924901185771
6 0.6135777777777778 0.2755731225296443 0.05678888888888889 0.2832608695652174
6 0.5450666666666667 0.3721936758893281 0.06296666666666667 0.2393478260869565
6 0.4716 0.40624505928853755 0.07654444444444444 0.20640316205533596
6 0.6592555555555556 0.5544664031620553 0.11604444444444444 0.16468379446640316