6 0.6550138888888889 0.224 0.11177777777777778 0.07510416666666667
6 0.6125416666666667 0.2796666666666667 0.08405555555555556 0.0845
6 0.4967361111111111 0.29308333333333336 0.12966666666666665 0.07377083333333333
6 0.5588888888888889 0.37422916666666667 0.19136111111111112 0.11535416666666666
6 0.7077777777777778 0.3809375 0.11177777777777778 0.0724375
6 0.743986111111111 0.2890625 0.07511111111111111 0.1166875
6 0.8097222222222222 0.41043749999999996 0.09926388888888889 0.13145833333333334
6 0.8141805555555556 0.5432291666666667 0.10819444444444445 0.11266666666666666
6 0.8034583333333334 0.6512083333333333 0.10283333333333335 0.12741666666666665
6 0.7547222222222222 0.7739375000000001 0.09836111111111111 0.11804166666666666
6 0.6907916666666667 0.8658333333333333 0.09926388888888889 0.08181250000000001
6 0.5825833333333333 0.8879583333333334 0.0921111111111111 0.12072916666666668
6 0.48825 0.4936041666666667 0.16811111111111113 0.09658333333333333
6 0.4739305555555556 0.5955416666666667 0.16095833333333334 0.09389583333333333
6 0.4529166666666667 0.7088958333333333 0.15291666666666665 0.07914583333333333
6 0.47125 0.8376666666666667 0.11625 0.089875
6 0.5950972222222223 0.7229791666666666 0.11713888888888889 0.06974999999999999
6 0.6062777777777778 0.6297499999999999 0.09299999999999999 0.089875
6 0.61925 0.49762500000000004 0.11356944444444445 0.07510416666666667
6 0.7171666666666667 0.5204375 0.08405555555555556 0.10731249999999999
6 0.7059861111111111 0.6425 0.09031944444444445 0.08316666666666667