6 0.5478028503562945 0.7742537313432836 0.1514251781472684 0.27052238805970147
6 0.39934679334916867 0.7649253731343284 0.13954869358669833 0.25652985074626866
6 0.25534441805225655 0.6471641791044777 0.1543942992874109 0.17024253731343283
6 0.26276722090261284 0.45242537313432835 0.13954869358669833 0.1958955223880597
6 0.7586104513064132 0.5398880597014926 0.16923990498812352 0.14692164179104478
6 0.7274346793349169 0.7229477611940298 0.16330166270783847 0.13526119402985073
6 0.4483372921615202 0.5200559701492538 0.14251781472684086 0.17723880597014927
6 0.372624703087886 0.33348880597014924 0.11579572446555819 0.17723880597014927
6 0.49362232779097387 0.2856902985074627 0.08758907363420428 0.22621268656716417
6 0.6316864608076009 0.3101679104477612 0.15587885985748218 0.13992537313432835
6 0.7081353919239906 0.40345149253731344 0.14251781472684086 0.12126865671641791