6 0.44345833333333334 0.12866459627329194 0.08929166666666667 0.21295031055900618
6 0.26984722222222224 0.1929968944099379 0.15079166666666666 0.19964285714285712
6 0.1686527777777778 0.36380434782608695 0.16269444444444445 0.12866459627329194
6 0.10416666666666667 0.5834006211180124 0.20833333333333334 0.13309006211180124
6 0.31745833333333334 0.44809006211180125 0.14681944444444445 0.141972049689441
6 0.42559722222222224 0.31832298136645965 0.11706944444444445 0.14419254658385094
6 0.6379027777777778 0.3904192546583851 0.11706944444444445 0.2440062111801242
6 0.6319444444444444 0.15305900621118013 0.11309722222222224 0.19964285714285712
6 0.8373055555555555 0.24512422360248448 0.18651388888888887 0.1929968944099379
6 0.8839305555555554 0.4968944099378882 0.2202361111111111 0.13309006211180124
6 0.8323472222222221 0.761972049689441 0.14880555555555555 0.21517080745341613
6 0.6567500000000001 0.6710248447204968 0.1706388888888889 0.17524844720496893
6 0.24602777777777776 0.7797204968944099 0.1706388888888889 0.14419254658385094
6 0.3779722222222222 0.8961801242236025 0.14484722222222224 0.17746894409937888
6 0.577375 0.888416149068323 0.11508333333333333 0.21072981366459628