6 0.5451766304347826 0.17711518858307848 0.1324728260869565 0.22680937818552496
6 0.37533967391304346 0.1783893985728848 0.10529891304347826 0.2089704383282365
6 0.5163043478260869 0.39118246687054026 0.10190217391304347 0.1962283384301733
6 0.7336956521739131 0.43450560652395515 0.2513586956521739 0.10448521916411825
6 0.29891304347826086 0.4396024464831804 0.2105978260869565 0.15035677879714576
6 0.20040760869565216 0.609072375127421 0.22418478260869565 0.12232415902140673
6 0.26664402173913043 0.7900101936799184 0.2547554347826087 0.1783893985728848
6 0.5400815217391305 0.832059123343527 0.14945652173913043 0.23190621814475026
6 0.7897418478260869 0.736493374108053 0.3226902173913043 0.1580020387359837
6 0.8389945652173914 0.5784913353720693 0.3125 0.10703363914373089
6 0.568953804347826 0.5530071355759429 0.20720108695652173 0.17329255861365953