6 0.55903125 0.8307265625 0.16666666666666666 0.2708359375
6 0.8350729166666666 0.7330703125 0.19791666666666666 0.1796875
6 0.5069479166666667 0.2291640625 0.11111458333333334 0.16666406250000002
6 0.29513541666666665 0.2864609375 0.11805208333333334 0.15103906250000002
6 0.14583333333333334 0.40885156250000004 0.17361458333333332 0.10416406250000002
6 0.14236458333333332 0.6731796875 0.25694791666666666 0.1328125
6 0.31944791666666666 0.8046875 0.15971875000000002 0.16146093749999998
6 0.47048958333333335 0.5729140625 0.12153125000000001 0.2083359375
6 0.859375 0.39453125 0.23263541666666668 0.11197656250000002
6 0.7083333333333334 0.2981796875 0.16666666666666666 0.1484375
6 0.5989583333333334 0.48177343749999996 0.10069791666666666 0.13541406250000002
6 0.22221875000000002 0.5052109375 0.36111458333333335 0.0833359375
6 0.44444791666666666 0.42578125 0.15971875000000002 0.1640625