6 0.47430555555555554 0.7679012345679013 0.08194444444444444 0.24691358024691357
6 0.3798611111111111 0.7419753086419754 0.09861111111111111 0.23950617283950618
6 0.5791666666666667 0.7888888888888889 0.10555555555555556 0.20493827160493827
6 0.2847222222222222 0.7 0.11388888888888889 0.19012345679012346
6 0.24375 0.5728395061728395 0.14027777777777778 0.1925925925925926
6 0.1840277777777778 0.5185185185185185 0.06527777777777778 0.23703703703703705
6 0.23333333333333334 0.28271604938271605 0.1388888888888889 0.16049382716049382
6 0.4222222222222222 0.14320987654320988 0.07222222222222222 0.17777777777777778
6 0.7444444444444445 0.6135802469135803 0.16666666666666666 0.15555555555555556
6 0.5215277777777778 0.24691358024691357 0.09027777777777778 0.26666666666666666
6 0.6736111111111112 0.5098765432098765 0.125 0.09135802469135802
6 0.6305555555555555 0.30864197530864196 0.12777777777777777 0.13333333333333333
6 0.6569444444444444 0.18271604938271604 0.10833333333333334 0.10864197530864197
6 0.7159722222222222 0.2308641975308642 0.07361111111111111 0.13580246913580246
6 0.7583333333333333 0.3567901234567901 0.1111111111111111 0.07160493827160494
6 0.7791666666666667 0.4246913580246914 0.10833333333333334 0.08888888888888889
6 0.8097222222222222 0.5185185185185185 0.1361111111111111 0.10864197530864197
6 0.20208333333333334 0.3419753086419753 0.07361111111111111 0.1111111111111111
6 0.3625 0.18518518518518517 0.05 0.10864197530864197
6 0.45694444444444443 0.15555555555555556 0.04722222222222222 0.1037037037037037
6 0.5833333333333334 0.15185185185185185 0.044444444444444446 0.10617283950617284
6 0.6104166666666667 0.6419753086419753 0.12361111111111112 0.11358024691358025