6 0.09928385416666667 0.82275390625 0.19856770833333334 0.263671875
6 0.1904296875 0.323486328125 0.185546875 0.13916015625
6 0.4947916666666667 0.1708984375 0.1953125 0.078125
6 0.6852213541666666 0.589599609375 0.2571614583333333 0.11962890625
6 0.4508463541666667 0.784912109375 0.2766927083333333 0.09521484375
6 0.21158854166666666 0.440673828125 0.18880208333333334 0.13427734375
6 0.19856770833333334 0.654296875 0.22135416666666666 0.107421875
6 0.4361979166666667 0.938720703125 0.4622395833333333 0.11474609375
6 0.8411458333333334 0.91064453125 0.3151041666666667 0.1611328125
6 0.8040364583333334 0.443115234375 0.21484375 0.14892578125
6 0.7600911458333334 0.308837890625 0.21158854166666666 0.11962890625
6 0.6803385416666666 0.1513671875 0.14322916666666666 0.1513671875
6 0.5126953125 0.0927734375 0.185546875 0.078125
6 0.361328125 0.333251953125 0.13020833333333334 0.14892578125
6 0.5777994791666666 0.450439453125 0.2571614583333333 0.09521484375
6 0.4541015625 0.54931640625 0.244140625 0.09765625