6 0.18967777777777778 0.5 0.042855555555555556 0.13333333333333333
6 0.3055555555555556 0.5642833333333334 0.06825555555555556 0.09523333333333334
6 0.49762222222222224 0.8238166666666668 0.07143333333333333 0.04285
6 0.6266111111111111 0.7863166666666667 0.030477777777777777 0.11338333333333334
6 0.5607888888888889 0.8654000000000001 0.07314444444444444 0.0448
6 0.4900777777777778 0.7579666666666666 0.03535555555555556 0.04755
6 0.6348444444444444 0.8695166666666667 0.03596666666666666 0.053033333333333335
6 0.7015888888888888 0.8690666666666668 0.03901111111111111 0.04296666666666667
6 0.7509666666666667 0.8485 0.045111111111111116 0.04206666666666666
6 0.7890666666666666 0.8064333333333333 0.03231111111111111 0.03475
6 0.6866555555555556 0.7744333333333334 0.0445 0.05486666666666667
6 0.6683666666666667 0.7200333333333333 0.015233333333333335 0.057600000000000005
6 0.6208222222222223 0.7054 0.0189 0.037483333333333334
6 0.6967111111111111 0.8155833333333333 0.060955555555555554 0.03656666666666667
6 0.7211 0.71135 0.05485555555555555 0.04571666666666667
6 0.7723000000000001 0.7396833333333334 0.056077777777777775 0.04206666666666666
6 0.7866222222222222 0.7726 0.06887777777777777 0.029266666666666663