6 0.22855 0.9621678321678321 0.08379 0.07566433566433567
6 0.19038999999999998 0.9069230769230769 0.10701999999999999 0.07347319347319348
6 0.18002 0.8141025641025641 0.10453 0.12375291375291377
6 0.24306999999999998 0.8179720279720281 0.073 0.05801864801864802
6 0.26298 0.757062937062937 0.041479999999999996 0.05608391608391608
6 0.25053 0.6603729603729604 0.08794 0.14503496503496502
6 0.46622 0.8092773892773893 0.041479999999999996 0.1837062937062937
6 0.52097 0.9455944055944057 0.09955 0.05801864801864802
6 0.59356 0.7618881118881119 0.07881 0.1392307692307692
6 0.58278 0.6333100233100233 0.06554 0.10636363636363637
6 0.5649400000000001 0.5472494172494172 0.03484 0.11988344988344989
6 0.5126799999999999 0.5172727272727272 0.04314 0.11410256410256411
6 0.66864 0.5375757575757576 0.041479999999999996 0.1392307692307692
6 0.73542 0.5743123543123543 0.02572 0.20498834498834498
6 0.70639 0.6526340326340326 0.06056 0.11023310023310023
6 0.8022 0.41864801864801865 0.041479999999999996 0.15664335664335666
6 0.28911000000000003 0.5588578088578089 0.04065 0.10055944055944056
6 0.33432 0.5395104895104895 0.0365 0.11601398601398602